-4.070203794981352985e-05 2.230810787295922637e-04 3.815699019469320774e-04 -1.643324940232560039e-04 2.282596542499959469e-04 3.487892681732773781e-04 9.999999403953552246e-01
1.582260447321459651e-04 1.227812608703970909e-04 2.686787920538336039e-04 -4.512659506872296333e-04 -1.400071487296372652e-04 6.824004813097417355e-04 9.999996423721313477e-01
-1.993202895391732454e-04 4.801076138392090797e-04 -1.283644232898950577e-04 -1.205855398438870907e-03 -1.013174769468605518e-03 1.200597151182591915e-03 9.999980926513671875e-01
1.324547338299453259e-04 6.355814984999597073e-04 -1.107786549255251884e-03 -2.310003619641065598e-03 -2.751015825197100639e-03 1.720384228974580765e-03 9.999920725822448730e-01
-1.385008363286033273e-04 1.015331712551414967e-03 -4.077195655554533005e-03 -2.809933852404356003e-03 -5.088069941848516464e-03 1.637158100493252277e-03 9.999818205833435059e-01
-1.935889245942234993e-03 1.767783891409635544e-03 -7.678998168557882309e-03 -3.114054910838603973e-03 -7.583922706544399261e-03 1.736895414069294930e-03 9.999649524688720703e-01
-3.373828483745455742e-03 2.445317339152097702e-03 -1.296363212168216705e-02 -3.186481073498725891e-03 -1.048046723008155823e-02 1.720985281281173229e-03 9.999385476112365723e-01
-5.228439811617136002e-03 3.164005465805530548e-03 -1.781489886343479156e-02 -2.537331311032176018e-03 -1.414423249661922455e-02 4.225616794428788126e-05 9.998968243598937988e-01
-7.378097157925367355e-03 3.510477719828486443e-03 -2.358776144683361053e-02 -9.869072819128632545e-04 -1.704280078411102295e-02 -1.184305991046130657e-03 9.998536109924316406e-01
-8.685090579092502594e-03 3.452640259638428688e-03 -2.835667878389358521e-02 2.069900074275210500e-04 -2.024421654641628265e-02 -1.584172132425010204e-03 9.997938275337219238e-01
-8.404286578297615051e-03 3.726485418155789375e-03 -3.276055678725242615e-02 -5.149915232323110104e-04 -2.390725351870059967e-02 -1.585242171131540090e-05 9.997140765190124512e-01
-9.695581160485744476e-03 5.274958908557891846e-03 -3.696958348155021667e-02 -1.065142336301505566e-03 -2.708207629621028900e-02 1.010221312753856182e-03 9.996321797370910645e-01
-1.036293525248765945e-02 5.974741652607917786e-03 -4.271256178617477417e-02 -9.359710384160280228e-04 -3.070141747593879700e-02 9.810613701120018959e-04 9.995277523994445801e-01
-1.198989525437355042e-02 6.856477353721857071e-03 -4.854125529527664185e-02 -5.238633602857589722e-04 -3.440375253558158875e-02 1.197234596475027502e-04 9.994078874588012695e-01
-1.345883216708898544e-02 7.758708205074071884e-03 -5.430693551898002625e-02 -4.505358083406463265e-05 -3.802147507667541504e-02 -1.239874254679307342e-04 9.992769956588745117e-01
-1.486107334494590759e-02 9.244006127119064331e-03 -5.975202471017837524e-02 7.793087861500680447e-04 -4.118271917104721069e-02 -3.259887453168630600e-04 9.991512894630432129e-01
-1.539628859609365463e-02 8.973032236099243164e-03 -6.526600569486618042e-02 1.997604966163635254e-03 -4.397826641798019409e-02 -1.107812975533306599e-03 9.990299344062805176e-01
-1.567248441278934479e-02 9.445310570299625397e-03 -6.923653930425643921e-02 2.930649323388934135e-03 -4.615266248583793640e-02 -1.104423659853637218e-03 9.989295005798339844e-01
-1.523548364639282227e-02 9.511985816061496735e-03 -7.198350131511688232e-02 2.546983538195490837e-03 -4.758793115615844727e-02 1.210135542351054028e-05 9.988638758659362793e-01
-1.491287816315889359e-02 9.339414536952972412e-03 -7.337505370378494263e-02 1.210114685818552971e-03 -4.881348460912704468e-02 1.464724540710449219e-03 9.988061189651489258e-01
-1.481979526579380035e-02 9.283943101763725281e-03 -7.523140311241149902e-02 -8.285008516395464540e-05 -5.026447027921676636e-02 1.931110280565917492e-03 9.987340569496154785e-01
-1.473664119839668274e-02 9.320552460849285126e-03 -7.824350148439407349e-02 -7.931541767902672291e-04 -5.156093090772628784e-02 2.636953257024288177e-03 9.986660480499267578e-01
-1.418020110577344894e-02 9.423539042472839355e-03 -8.153133094310760498e-02 -8.231807732954621315e-04 -5.340933799743652344e-02 3.224967513233423233e-03 9.985672235488891602e-01
-1.414570491760969162e-02 9.427977725863456726e-03 -8.472980558872222900e-02 -8.679753518663346767e-04 -5.493477731943130493e-02 3.725881921127438545e-03 9.984826445579528809e-01
-1.428447663784027100e-02 9.499636478722095490e-03 -8.799980580806732178e-02 -8.352222503162920475e-04 -5.631406605243682861e-02 3.960200585424900055e-03 9.984049201011657715e-01
-1.425909809768199921e-02 9.193827398121356964e-03 -9.119141846895217896e-02 -9.934407426044344902e-04 -5.763419717550277710e-02 4.445724654942750931e-03 9.983273744583129883e-01
-1.375026069581508636e-02 8.172949776053428650e-03 -9.406144917011260986e-02 -1.720287837088108063e-03 -5.940910801291465759e-02 4.932860378175973892e-03 9.982200860977172852e-01
-1.326058432459831238e-02 8.365617133677005768e-03 -9.736041724681854248e-02 -2.629770664498209953e-03 -6.116965785622596741e-02 5.650395061820745468e-03 9.981079101562500000e-01
-1.231167651712894440e-02 8.057139813899993896e-03 -1.016679853200912476e-01 -3.317873924970626831e-03 -6.305421888828277588e-02 6.902049295604228973e-03 9.979807734489440918e-01
-1.158537250012159348e-02 8.115755394101142883e-03 -1.067870482802391052e-01 -3.610413987189531326e-03 -6.513307243585586548e-02 8.285352028906345367e-03 9.978356361389160156e-01
-1.167066302150487900e-02 8.369117043912410736e-03 -1.117902696132659912e-01 -3.693297272548079491e-03 -6.727918982505798340e-02 8.916522376239299774e-03 9.976875782012939453e-01
-1.178744062781333923e-02 8.853987790644168854e-03 -1.183290556073188782e-01 -2.644183579832315445e-03 -6.985214352607727051e-02 8.187227882444858551e-03 9.975203275680541992e-01
-1.233475934714078903e-02 9.598881006240844727e-03 -1.254466772079467773e-01 -1.419818610884249210e-03 -7.234837859869003296e-02 7.794890087097883224e-03 9.973480105400085449e-01
-1.240792591124773026e-02 9.520636871457099915e-03 -1.327491551637649536e-01 -2.607442438602447510e-04 -7.473146915435791016e-02 8.287054486572742462e-03 9.971692562103271484e-01
-1.112296525388956070e-02 8.696313016116619110e-03 -1.389606893062591553e-01 1.203950450872071087e-04 -7.728461176156997681e-02 9.914351627230644226e-03 9.969598054885864258e-01
-9.998933412134647369e-03 6.237688474357128143e-03 -1.436399072408676147e-01 -1.244350103661417961e-03 -7.964624464511871338e-02 1.089742965996265411e-02 9.967628717422485352e-01
-8.985815569758415222e-03 4.357879515737295151e-03 -1.464691460132598877e-01 -3.008893225342035294e-03 -8.160545676946640015e-02 1.210636924952268600e-02 9.965866804122924805e-01
-9.216678328812122345e-03 3.921218216419219971e-03 -1.482309699058532715e-01 -4.175642970949411392e-03 -8.283543586730957031e-02 1.193127501755952835e-02 9.964830875396728516e-01
-9.752588346600532532e-03 4.567129537463188171e-03 -1.490291059017181396e-01 -4.425239749252796173e-03 -8.364512771368026733e-02 1.107558887451887131e-02 9.964242577552795410e-01
-9.672597981989383698e-03 4.682654049247503281e-03 -1.491789370775222778e-01 -4.598535597324371338e-03 -8.380036056041717529e-02 1.120901107788085938e-02 9.964089393615722656e-01
-9.233765304088592529e-03 4.543350543826818466e-03 -1.490307003259658813e-01 -5.438390653580427170e-03 -8.380901813507080078e-02 1.191252749413251877e-02 9.963958263397216797e-01
-9.020412340760231018e-03 4.609042778611183167e-03 -1.486162245273590088e-01 -6.252026651054620743e-03 -8.379791676998138428e-02 1.224222965538501740e-02 9.963879585266113281e-01
-9.054780937731266022e-03 4.547622520476579666e-03 -1.486211568117141724e-01 -6.589294876903295517e-03 -8.386563509702682495e-02 1.204940769821405411e-02 9.963824748992919922e-01
-9.037555195391178131e-03 4.652079194784164429e-03 -1.489309519529342651e-01 -6.579946726560592651e-03 -8.419861644506454468e-02 1.196876633912324905e-02 9.963554143905639648e-01
-9.121229872107505798e-03 4.915327765047550201e-03 -1.492909193038940430e-01 -6.604725960642099380e-03 -8.444937318563461304e-02 1.196136884391307831e-02 9.963341951370239258e-01
-9.073666296899318695e-03 4.909561015665531158e-03 -1.497531384229660034e-01 -6.844581104815006256e-03 -8.472407609224319458e-02 1.193344872444868088e-02 9.963095188140869141e-01
-9.110124781727790833e-03 4.702802281826734543e-03 -1.504072546958923340e-01 -6.982708349823951721e-03 -8.501911163330078125e-02 1.191406790167093277e-02 9.962836503982543945e-01
-9.149195626378059387e-03 4.676125943660736084e-03 -1.509224623441696167e-01 -7.258375640958547592e-03 -8.535664528608322144e-02 1.195563748478889465e-02 9.962522983551025391e-01
-9.011547081172466278e-03 4.551245830953121185e-03 -1.514858305454254150e-01 -7.800689432770013809e-03 -8.581070601940155029e-02 1.214413344860076904e-02 9.962069392204284668e-01
-8.938776329159736633e-03 4.320033360272645950e-03 -1.521610468626022339e-01 -8.852145634591579437e-03 -8.665437996387481689e-02 1.234745141118764877e-02 9.961225986480712891e-01
-8.830043487250804901e-03 3.800266655161976814e-03 -1.533712744712829590e-01 -1.107981055974960327e-02 -8.805370330810546875e-02 1.239967811852693558e-02 9.959769845008850098e-01
-9.127967059612274170e-03 3.941638860851526260e-03 -1.552106142044067383e-01 -1.396717596799135208e-02 -8.994553983211517334e-02 1.230579987168312073e-02 9.957727193832397461e-01
-9.976767003536224365e-03 4.387624561786651611e-03 -1.583397090435028076e-01 -1.627596653997898102e-02 -9.248352050781250000e-02 1.203546393662691116e-02 9.955084919929504395e-01
-1.000350248068571091e-02 3.595902351662516594e-03 -1.628682762384414673e-01 -1.731107011437416077e-02 -9.586744010448455811e-02 1.208978611975908279e-02 9.951702356338500977e-01
-1.027896255254745483e-02 3.084190189838409424e-03 -1.690448820590972900e-01 -1.754483766853809357e-02 -9.909743070602416992e-02 1.374187972396612167e-02 9.948281645774841309e-01
-7.881825789809226990e-03 1.451349118724465370e-03 -1.764419525861740112e-01 -1.854506880044937134e-02 -1.033631339669227600e-01 1.649137027561664581e-02 9.943341016769409180e-01
-5.589176435023546219e-03 -1.142452470958232880e-03 -1.839901506900787354e-01 -1.978594437241554260e-02 -1.081734523177146912e-01 1.852370426058769226e-02 9.937624931335449219e-01
-3.767341142520308495e-03 -2.019747858867049217e-03 -1.918675452470779419e-01 -2.030952088534832001e-02 -1.135485470294952393e-01 2.140698395669460297e-02 9.930942058563232422e-01
-2.115938812494277954e-03 -3.920480608940124512e-03 -1.989346593618392944e-01 -2.200695313513278961e-02 -1.199514493346214294e-01 2.272415161132812500e-02 9.922757148742675781e-01
-4.025193862617015839e-03 -3.280820557847619057e-03 -2.030042558908462524e-01 -2.522982098162174225e-02 -1.252781301736831665e-01 2.236244268715381622e-02 9.915487170219421387e-01
-6.166451610624790192e-03 -2.002961467951536179e-03 -2.072791755199432373e-01 -2.893264032900333405e-02 -1.300159841775894165e-01 2.104662358760833740e-02 9.908661842346191406e-01
-6.361564155668020248e-03 -2.102126600220799446e-03 -2.123645991086959839e-01 -3.241081535816192627e-02 -1.360857933759689331e-01 2.126633003354072571e-02 9.899383783340454102e-01
-4.691991023719310760e-03 -3.245761152356863022e-03 -2.182706892490386963e-01 -3.582270070910453796e-02 -1.424824893474578857e-01 2.238948270678520203e-02 9.888954758644104004e-01
-3.819402074441313744e-03 -4.168486222624778748e-03 -2.242766916751861572e-01 -3.908283635973930359e-02 -1.479145586490631104e-01 2.326584048569202423e-02 9.879537224769592285e-01
-3.344081342220306396e-03 -4.260372836142778397e-03 -2.299389690160751343e-01 -4.162941873073577881e-02 -1.540626883506774902e-01 2.402954362332820892e-02 9.868912696838378906e-01
-3.288206644356250763e-03 -4.209949169307947159e-03 -2.356820851564407349e-01 -4.456913843750953674e-02 -1.604263037443161011e-01 2.407696470618247986e-02 9.857470989227294922e-01
-3.485174383968114853e-03 -3.315018955618143082e-03 -2.412532866001129150e-01 -4.750660434365272522e-02 -1.665265262126922607e-01 2.441613748669624329e-02 9.845892190933227539e-01
-2.907203044742345810e-03 -3.389466088265180588e-03 -2.474372833967208862e-01 -5.077151209115982056e-02 -1.728786379098892212e-01 2.450114302337169647e-02 9.833285212516784668e-01
-1.891884487122297287e-03 -3.081359667703509331e-03 -2.533678710460662842e-01 -5.400295928120613098e-02 -1.799059957265853882e-01 2.510533481836318970e-02 9.818794727325439453e-01
-1.643897034227848053e-03 -2.242972608655691147e-03 -2.593168318271636963e-01 -5.744380876421928406e-02 -1.866191625595092773e-01 2.549970708787441254e-02 9.804199934005737305e-01
-1.055725850164890289e-03 -9.745409479364752769e-04 -2.655548453330993652e-01 -6.100162863731384277e-02 -1.936652958393096924e-01 2.571716532111167908e-02 9.788315892219543457e-01
-1.977616921067237854e-04 3.487413050606846809e-04 -2.720589935779571533e-01 -6.454736739397048950e-02 -2.010537385940551758e-01 2.588902600109577179e-02 9.771083593368530273e-01
2.808058634400367737e-04 1.530958805233240128e-03 -2.785113155841827393e-01 -6.806018203496932983e-02 -2.087509930133819580e-01 2.606868557631969452e-02 9.752493500709533691e-01
1.658665947616100311e-03 1.686585019342601299e-03 -2.848702669143676758e-01 -7.207781076431274414e-02 -2.169122397899627686e-01 2.685951068997383118e-02 9.731559157371520996e-01
3.202688880264759064e-03 1.343827461823821068e-03 -2.919060587882995605e-01 -7.653898000717163086e-02 -2.249620556831359863e-01 2.756634354591369629e-02 9.709655642509460449e-01
5.703428760170936584e-03 9.049072396010160446e-04 -2.993093729019165039e-01 -8.146204799413681030e-02 -2.340554744005203247e-01 2.893001586198806763e-02 9.683723449707031250e-01
8.678577840328216553e-03 -1.617195084691047668e-05 -3.070786595344543457e-01 -8.605273813009262085e-02 -2.436343580484390259e-01 3.075794875621795654e-02 9.655522704124450684e-01
1.168788131326436996e-02 -4.700047429651021957e-04 -3.151204884052276611e-01 -9.063129127025604248e-02 -2.539390325546264648e-01 3.254280611872673035e-02 9.624146223068237305e-01
1.388833299279212952e-02 5.144150927662849426e-04 -3.243810832500457764e-01 -9.583979845046997070e-02 -2.649169564247131348e-01 3.252864256501197815e-02 9.589450955390930176e-01
-2.266382798552513123e-03 -1.391625776886940002e-02 -3.368718326091766357e-01 -1.052350327372550964e-01 -2.697523236274719238e-01 3.602975630201399326e-04 9.571620821952819824e-01
8.346473798155784607e-03 -2.204285934567451477e-02 -3.583995699882507324e-01 -1.104403883218765259e-01 -2.830069959163665771e-01 9.093117900192737579e-03 9.526947736740112305e-01
1.941967941820621490e-02 -2.233019471168518066e-02 -3.621981441974639893e-01 -1.149800196290016174e-01 -2.967500686645507812e-01 2.353762462735176086e-02 9.477156996726989746e-01
3.063241764903068542e-02 -1.991436630487442017e-02 -3.644282519817352295e-01 -1.205518618226051331e-01 -3.119081258773803711e-01 4.069459065794944763e-02 9.415543675422668457e-01
4.125707596540451050e-02 -1.934377104043960571e-02 -3.685309290885925293e-01 -1.279523521661758423e-01 -3.265025615692138672e-01 5.384412780404090881e-02 9.349466562271118164e-01
4.712411016225814819e-02 -1.914452016353607178e-02 -3.750946223735809326e-01 -1.319423019886016846e-01 -3.427334427833557129e-01 5.964248254895210266e-02 9.282068014144897461e-01
5.349959805607795715e-02 -1.901292055845260620e-02 -3.825192749500274658e-01 -1.352525800466537476e-01 -3.591806888580322266e-01 6.472758948802947998e-02 9.211440682411193848e-01
5.798020213842391968e-02 -1.897436380386352539e-02 -3.907386064529418945e-01 -1.378721296787261963e-01 -3.768047988414764404e-01 6.682306528091430664e-02 9.135338664054870605e-01
6.141286343336105347e-02 -1.995701529085636139e-02 -4.012188613414764404e-01 -1.338707655668258667e-01 -3.946025967597961426e-01 6.673911958932876587e-02 9.065943360328674316e-01
6.500363349914550781e-02 -2.020476013422012329e-02 -4.126927554607391357e-01 -1.280381828546524048e-01 -4.121820032596588135e-01 6.467369198799133301e-02 8.997386097908020020e-01
6.902040541172027588e-02 -2.069718204438686371e-02 -4.241564869880676270e-01 -1.214700490236282349e-01 -4.305587410926818848e-01 6.264563649892807007e-02 8.921545743942260742e-01
7.514765113592147827e-02 -2.062016353011131287e-02 -4.341927170753479004e-01 -1.155226901173591614e-01 -4.492822587490081787e-01 6.437920033931732178e-02 8.835470080375671387e-01
8.181674778461456299e-02 -1.885502040386199951e-02 -4.445163011550903320e-01 -1.094712391495704651e-01 -4.650457501411437988e-01 6.986350566148757935e-02 8.757097721099853516e-01
8.833774179220199585e-02 -1.914701052010059357e-02 -4.515575170516967773e-01 -1.044540256261825562e-01 -4.837270379066467285e-01 7.084012031555175781e-02 8.660710453987121582e-01
9.532896429300308228e-02 -1.935524307191371918e-02 -4.574426412582397461e-01 -1.007058471441268921e-01 -5.019339323043823242e-01 7.302171736955642700e-02 8.559138774871826172e-01
9.889949113130569458e-02 -1.870784536004066467e-02 -4.649354219436645508e-01 -9.589549154043197632e-02 -5.175871253013610840e-01 7.158513367176055908e-02 8.472208976745605469e-01
1.018152236938476562e-01 -1.776168867945671082e-02 -4.718519449234008789e-01 -8.936231583356857300e-02 -5.319189429283142090e-01 6.872084736824035645e-02 8.392580747604370117e-01
1.052506715059280396e-01 -1.689120382070541382e-02 -4.776307940483093262e-01 -8.287145197391510010e-02 -5.445981621742248535e-01 6.685855984687805176e-02 8.319104909896850586e-01
1.094682365655899048e-01 -1.657616533339023590e-02 -4.813526868820190430e-01 -7.885640114545822144e-02 -5.559028983116149902e-01 6.774121522903442383e-02 8.247209787368774414e-01
1.133015453815460205e-01 -1.601882651448249817e-02 -4.830169677734375000e-01 -7.748346030712127686e-02 -5.657523274421691895e-01 6.958341598510742188e-02 8.179723620414733887e-01
1.168143898248672485e-01 -1.593721285462379456e-02 -4.848059713840484619e-01 -7.715786993503570557e-02 -5.724433660507202148e-01 7.024910300970077515e-02 8.132775425910949707e-01
